position[nm]  e33[C/m^2]  e31[C/m^2]  e15[C/m^2]  B311[C/m^2]  B312[C/m^2]  B313[C/m^2]  B333[C/m^2]  B115[C/m^2]  B125[C/m^2]  B135[C/m^2]  B344[C/m^2]
    0.833333E+000    0.127000E+001   -0.350000E+000   -0.300000E+000    0.000000E+000    0.000000E+000    0.000000E+000    0.000000E+000    0.000000E+000    0.000000E+000    0.000000E+000    0.000000E+000 
    0.250000E+001    0.127000E+001   -0.350000E+000   -0.300000E+000    0.000000E+000    0.000000E+000    0.000000E+000    0.000000E+000    0.000000E+000    0.000000E+000    0.000000E+000    0.000000E+000 
    0.416667E+001    0.127000E+001   -0.350000E+000   -0.300000E+000    0.000000E+000    0.000000E+000    0.000000E+000    0.000000E+000    0.000000E+000    0.000000E+000    0.000000E+000    0.000000E+000 
    0.583333E+001    0.127000E+001   -0.350000E+000   -0.300000E+000    0.000000E+000    0.000000E+000    0.000000E+000    0.000000E+000    0.000000E+000    0.000000E+000    0.000000E+000    0.000000E+000 
    0.750000E+001    0.127000E+001   -0.350000E+000   -0.300000E+000    0.000000E+000    0.000000E+000    0.000000E+000    0.000000E+000    0.000000E+000    0.000000E+000    0.000000E+000    0.000000E+000 
    0.916667E+001    0.127000E+001   -0.350000E+000   -0.300000E+000    0.000000E+000    0.000000E+000    0.000000E+000    0.000000E+000    0.000000E+000    0.000000E+000    0.000000E+000    0.000000E+000 
    0.118000E+002    0.127000E+001   -0.350000E+000   -0.300000E+000    0.000000E+000    0.000000E+000    0.000000E+000    0.000000E+000    0.000000E+000    0.000000E+000    0.000000E+000    0.000000E+000 
    0.154000E+002    0.127000E+001   -0.350000E+000   -0.300000E+000    0.000000E+000    0.000000E+000    0.000000E+000    0.000000E+000    0.000000E+000    0.000000E+000    0.000000E+000    0.000000E+000 
    0.190000E+002    0.127000E+001   -0.350000E+000   -0.300000E+000    0.000000E+000    0.000000E+000    0.000000E+000    0.000000E+000    0.000000E+000    0.000000E+000    0.000000E+000    0.000000E+000 
    0.226000E+002    0.127000E+001   -0.350000E+000   -0.300000E+000    0.000000E+000    0.000000E+000    0.000000E+000    0.000000E+000    0.000000E+000    0.000000E+000    0.000000E+000    0.000000E+000 
    0.262000E+002    0.127000E+001   -0.350000E+000   -0.300000E+000    0.000000E+000    0.000000E+000    0.000000E+000    0.000000E+000    0.000000E+000    0.000000E+000    0.000000E+000    0.000000E+000 
    0.282000E+002    0.127000E+001   -0.350000E+000   -0.300000E+000    0.000000E+000    0.000000E+000    0.000000E+000    0.000000E+000    0.000000E+000    0.000000E+000    0.000000E+000    0.000000E+000 
    0.286000E+002    0.127000E+001   -0.350000E+000   -0.300000E+000    0.000000E+000    0.000000E+000    0.000000E+000    0.000000E+000    0.000000E+000    0.000000E+000    0.000000E+000    0.000000E+000 
    0.290000E+002    0.127000E+001   -0.350000E+000   -0.300000E+000    0.000000E+000    0.000000E+000    0.000000E+000    0.000000E+000    0.000000E+000    0.000000E+000    0.000000E+000    0.000000E+000 
    0.294000E+002    0.127000E+001   -0.350000E+000   -0.300000E+000    0.000000E+000    0.000000E+000    0.000000E+000    0.000000E+000    0.000000E+000    0.000000E+000    0.000000E+000    0.000000E+000 
    0.298000E+002    0.127000E+001   -0.350000E+000   -0.300000E+000    0.000000E+000    0.000000E+000    0.000000E+000    0.000000E+000    0.000000E+000    0.000000E+000    0.000000E+000    0.000000E+000 
    0.301000E+002    0.121000E+001   -0.394000E+000   -0.336000E+000    0.000000E+000    0.000000E+000    0.000000E+000    0.000000E+000    0.000000E+000    0.000000E+000    0.000000E+000    0.000000E+000 
    0.303000E+002    0.121000E+001   -0.394000E+000   -0.336000E+000    0.000000E+000    0.000000E+000    0.000000E+000    0.000000E+000    0.000000E+000    0.000000E+000    0.000000E+000    0.000000E+000 
    0.305000E+002    0.121000E+001   -0.394000E+000   -0.336000E+000    0.000000E+000    0.000000E+000    0.000000E+000    0.000000E+000    0.000000E+000    0.000000E+000    0.000000E+000    0.000000E+000 
    0.307000E+002    0.121000E+001   -0.394000E+000   -0.336000E+000    0.000000E+000    0.000000E+000    0.000000E+000    0.000000E+000    0.000000E+000    0.000000E+000    0.000000E+000    0.000000E+000 
    0.309000E+002    0.121000E+001   -0.394000E+000   -0.336000E+000    0.000000E+000    0.000000E+000    0.000000E+000    0.000000E+000    0.000000E+000    0.000000E+000    0.000000E+000    0.000000E+000 
    0.311000E+002    0.121000E+001   -0.394000E+000   -0.336000E+000    0.000000E+000    0.000000E+000    0.000000E+000    0.000000E+000    0.000000E+000    0.000000E+000    0.000000E+000    0.000000E+000 
    0.313000E+002    0.121000E+001   -0.394000E+000   -0.336000E+000    0.000000E+000    0.000000E+000    0.000000E+000    0.000000E+000    0.000000E+000    0.000000E+000    0.000000E+000    0.000000E+000 
    0.315000E+002    0.121000E+001   -0.394000E+000   -0.336000E+000    0.000000E+000    0.000000E+000    0.000000E+000    0.000000E+000    0.000000E+000    0.000000E+000    0.000000E+000    0.000000E+000 
    0.317000E+002    0.121000E+001   -0.394000E+000   -0.336000E+000    0.000000E+000    0.000000E+000    0.000000E+000    0.000000E+000    0.000000E+000    0.000000E+000    0.000000E+000    0.000000E+000 
    0.319000E+002    0.121000E+001   -0.394000E+000   -0.336000E+000    0.000000E+000    0.000000E+000    0.000000E+000    0.000000E+000    0.000000E+000    0.000000E+000    0.000000E+000    0.000000E+000 
    0.322000E+002    0.127000E+001   -0.350000E+000   -0.300000E+000    0.000000E+000    0.000000E+000    0.000000E+000    0.000000E+000    0.000000E+000    0.000000E+000    0.000000E+000    0.000000E+000 
    0.326000E+002    0.127000E+001   -0.350000E+000   -0.300000E+000    0.000000E+000    0.000000E+000    0.000000E+000    0.000000E+000    0.000000E+000    0.000000E+000    0.000000E+000    0.000000E+000 
    0.330000E+002    0.127000E+001   -0.350000E+000   -0.300000E+000    0.000000E+000    0.000000E+000    0.000000E+000    0.000000E+000    0.000000E+000    0.000000E+000    0.000000E+000    0.000000E+000 
    0.334000E+002    0.127000E+001   -0.350000E+000   -0.300000E+000    0.000000E+000    0.000000E+000    0.000000E+000    0.000000E+000    0.000000E+000    0.000000E+000    0.000000E+000    0.000000E+000 
    0.338000E+002    0.127000E+001   -0.350000E+000   -0.300000E+000    0.000000E+000    0.000000E+000    0.000000E+000    0.000000E+000    0.000000E+000    0.000000E+000    0.000000E+000    0.000000E+000 
    0.357500E+002    0.127000E+001   -0.350000E+000   -0.300000E+000    0.000000E+000    0.000000E+000    0.000000E+000    0.000000E+000    0.000000E+000    0.000000E+000    0.000000E+000    0.000000E+000 
    0.392500E+002    0.127000E+001   -0.350000E+000   -0.300000E+000    0.000000E+000    0.000000E+000    0.000000E+000    0.000000E+000    0.000000E+000    0.000000E+000    0.000000E+000    0.000000E+000 
    0.427500E+002    0.127000E+001   -0.350000E+000   -0.300000E+000    0.000000E+000    0.000000E+000    0.000000E+000    0.000000E+000    0.000000E+000    0.000000E+000    0.000000E+000    0.000000E+000 
    0.462500E+002    0.127000E+001   -0.350000E+000   -0.300000E+000    0.000000E+000    0.000000E+000    0.000000E+000    0.000000E+000    0.000000E+000    0.000000E+000    0.000000E+000    0.000000E+000 
    0.482000E+002    0.127000E+001   -0.350000E+000   -0.300000E+000    0.000000E+000    0.000000E+000    0.000000E+000    0.000000E+000    0.000000E+000    0.000000E+000    0.000000E+000    0.000000E+000 
    0.486000E+002    0.127000E+001   -0.350000E+000   -0.300000E+000    0.000000E+000    0.000000E+000    0.000000E+000    0.000000E+000    0.000000E+000    0.000000E+000    0.000000E+000    0.000000E+000 
    0.490000E+002    0.127000E+001   -0.350000E+000   -0.300000E+000    0.000000E+000    0.000000E+000    0.000000E+000    0.000000E+000    0.000000E+000    0.000000E+000    0.000000E+000    0.000000E+000 
    0.494000E+002    0.127000E+001   -0.350000E+000   -0.300000E+000    0.000000E+000    0.000000E+000    0.000000E+000    0.000000E+000    0.000000E+000    0.000000E+000    0.000000E+000    0.000000E+000 
    0.498000E+002    0.127000E+001   -0.350000E+000   -0.300000E+000    0.000000E+000    0.000000E+000    0.000000E+000    0.000000E+000    0.000000E+000    0.000000E+000    0.000000E+000    0.000000E+000 
    0.501000E+002    0.121000E+001   -0.394000E+000   -0.336000E+000    0.000000E+000    0.000000E+000    0.000000E+000    0.000000E+000    0.000000E+000    0.000000E+000    0.000000E+000    0.000000E+000 
    0.503000E+002    0.121000E+001   -0.394000E+000   -0.336000E+000    0.000000E+000    0.000000E+000    0.000000E+000    0.000000E+000    0.000000E+000    0.000000E+000    0.000000E+000    0.000000E+000 
    0.505000E+002    0.121000E+001   -0.394000E+000   -0.336000E+000    0.000000E+000    0.000000E+000    0.000000E+000    0.000000E+000    0.000000E+000    0.000000E+000    0.000000E+000    0.000000E+000 
    0.507000E+002    0.121000E+001   -0.394000E+000   -0.336000E+000    0.000000E+000    0.000000E+000    0.000000E+000    0.000000E+000    0.000000E+000    0.000000E+000    0.000000E+000    0.000000E+000 
    0.509000E+002    0.121000E+001   -0.394000E+000   -0.336000E+000    0.000000E+000    0.000000E+000    0.000000E+000    0.000000E+000    0.000000E+000    0.000000E+000    0.000000E+000    0.000000E+000 
    0.511000E+002    0.121000E+001   -0.394000E+000   -0.336000E+000    0.000000E+000    0.000000E+000    0.000000E+000    0.000000E+000    0.000000E+000    0.000000E+000    0.000000E+000    0.000000E+000 
    0.513000E+002    0.121000E+001   -0.394000E+000   -0.336000E+000    0.000000E+000    0.000000E+000    0.000000E+000    0.000000E+000    0.000000E+000    0.000000E+000    0.000000E+000    0.000000E+000 
    0.515000E+002    0.121000E+001   -0.394000E+000   -0.336000E+000    0.000000E+000    0.000000E+000    0.000000E+000    0.000000E+000    0.000000E+000    0.000000E+000    0.000000E+000    0.000000E+000 
    0.517000E+002    0.121000E+001   -0.394000E+000   -0.336000E+000    0.000000E+000    0.000000E+000    0.000000E+000    0.000000E+000    0.000000E+000    0.000000E+000    0.000000E+000    0.000000E+000 
    0.519000E+002    0.121000E+001   -0.394000E+000   -0.336000E+000    0.000000E+000    0.000000E+000    0.000000E+000    0.000000E+000    0.000000E+000    0.000000E+000    0.000000E+000    0.000000E+000 
    0.522000E+002    0.127000E+001   -0.350000E+000   -0.300000E+000    0.000000E+000    0.000000E+000    0.000000E+000    0.000000E+000    0.000000E+000    0.000000E+000    0.000000E+000    0.000000E+000 
    0.526000E+002    0.127000E+001   -0.350000E+000   -0.300000E+000    0.000000E+000    0.000000E+000    0.000000E+000    0.000000E+000    0.000000E+000    0.000000E+000    0.000000E+000    0.000000E+000 
    0.530000E+002    0.127000E+001   -0.350000E+000   -0.300000E+000    0.000000E+000    0.000000E+000    0.000000E+000    0.000000E+000    0.000000E+000    0.000000E+000    0.000000E+000    0.000000E+000 
    0.534000E+002    0.127000E+001   -0.350000E+000   -0.300000E+000    0.000000E+000    0.000000E+000    0.000000E+000    0.000000E+000    0.000000E+000    0.000000E+000    0.000000E+000    0.000000E+000 
    0.538000E+002    0.127000E+001   -0.350000E+000   -0.300000E+000    0.000000E+000    0.000000E+000    0.000000E+000    0.000000E+000    0.000000E+000    0.000000E+000    0.000000E+000    0.000000E+000 
    0.557500E+002    0.127000E+001   -0.350000E+000   -0.300000E+000    0.000000E+000    0.000000E+000    0.000000E+000    0.000000E+000    0.000000E+000    0.000000E+000    0.000000E+000    0.000000E+000 
    0.592500E+002    0.127000E+001   -0.350000E+000   -0.300000E+000    0.000000E+000    0.000000E+000    0.000000E+000    0.000000E+000    0.000000E+000    0.000000E+000    0.000000E+000    0.000000E+000 
    0.627500E+002    0.127000E+001   -0.350000E+000   -0.300000E+000    0.000000E+000    0.000000E+000    0.000000E+000    0.000000E+000    0.000000E+000    0.000000E+000    0.000000E+000    0.000000E+000 
    0.662500E+002    0.127000E+001   -0.350000E+000   -0.300000E+000    0.000000E+000    0.000000E+000    0.000000E+000    0.000000E+000    0.000000E+000    0.000000E+000    0.000000E+000    0.000000E+000 
    0.682000E+002    0.127000E+001   -0.350000E+000   -0.300000E+000    0.000000E+000    0.000000E+000    0.000000E+000    0.000000E+000    0.000000E+000    0.000000E+000    0.000000E+000    0.000000E+000 
    0.686000E+002    0.127000E+001   -0.350000E+000   -0.300000E+000    0.000000E+000    0.000000E+000    0.000000E+000    0.000000E+000    0.000000E+000    0.000000E+000    0.000000E+000    0.000000E+000 
    0.690000E+002    0.127000E+001   -0.350000E+000   -0.300000E+000    0.000000E+000    0.000000E+000    0.000000E+000    0.000000E+000    0.000000E+000    0.000000E+000    0.000000E+000    0.000000E+000 
    0.694000E+002    0.127000E+001   -0.350000E+000   -0.300000E+000    0.000000E+000    0.000000E+000    0.000000E+000    0.000000E+000    0.000000E+000    0.000000E+000    0.000000E+000    0.000000E+000 
    0.698000E+002    0.127000E+001   -0.350000E+000   -0.300000E+000    0.000000E+000    0.000000E+000    0.000000E+000    0.000000E+000    0.000000E+000    0.000000E+000    0.000000E+000    0.000000E+000 
    0.701429E+002    0.121000E+001   -0.394000E+000   -0.336000E+000    0.000000E+000    0.000000E+000    0.000000E+000    0.000000E+000    0.000000E+000    0.000000E+000    0.000000E+000    0.000000E+000 
    0.704286E+002    0.121000E+001   -0.394000E+000   -0.336000E+000    0.000000E+000    0.000000E+000    0.000000E+000    0.000000E+000    0.000000E+000    0.000000E+000    0.000000E+000    0.000000E+000 
    0.707143E+002    0.121000E+001   -0.394000E+000   -0.336000E+000    0.000000E+000    0.000000E+000    0.000000E+000    0.000000E+000    0.000000E+000    0.000000E+000    0.000000E+000    0.000000E+000 
    0.710000E+002    0.121000E+001   -0.394000E+000   -0.336000E+000    0.000000E+000    0.000000E+000    0.000000E+000    0.000000E+000    0.000000E+000    0.000000E+000    0.000000E+000    0.000000E+000 
    0.712857E+002    0.121000E+001   -0.394000E+000   -0.336000E+000    0.000000E+000    0.000000E+000    0.000000E+000    0.000000E+000    0.000000E+000    0.000000E+000    0.000000E+000    0.000000E+000 
    0.715714E+002    0.121000E+001   -0.394000E+000   -0.336000E+000    0.000000E+000    0.000000E+000    0.000000E+000    0.000000E+000    0.000000E+000    0.000000E+000    0.000000E+000    0.000000E+000 
    0.718571E+002    0.121000E+001   -0.394000E+000   -0.336000E+000    0.000000E+000    0.000000E+000    0.000000E+000    0.000000E+000    0.000000E+000    0.000000E+000    0.000000E+000    0.000000E+000 
    0.721000E+002    0.121000E+001   -0.394000E+000   -0.336000E+000    0.000000E+000    0.000000E+000    0.000000E+000    0.000000E+000    0.000000E+000    0.000000E+000    0.000000E+000    0.000000E+000 
    0.723000E+002    0.121000E+001   -0.394000E+000   -0.336000E+000    0.000000E+000    0.000000E+000    0.000000E+000    0.000000E+000    0.000000E+000    0.000000E+000    0.000000E+000    0.000000E+000 
    0.725000E+002    0.121000E+001   -0.394000E+000   -0.336000E+000    0.000000E+000    0.000000E+000    0.000000E+000    0.000000E+000    0.000000E+000    0.000000E+000    0.000000E+000    0.000000E+000 
    0.727000E+002    0.121000E+001   -0.394000E+000   -0.336000E+000    0.000000E+000    0.000000E+000    0.000000E+000    0.000000E+000    0.000000E+000    0.000000E+000    0.000000E+000    0.000000E+000 
    0.729000E+002    0.121000E+001   -0.394000E+000   -0.336000E+000    0.000000E+000    0.000000E+000    0.000000E+000    0.000000E+000    0.000000E+000    0.000000E+000    0.000000E+000    0.000000E+000 
    0.731000E+002    0.121000E+001   -0.394000E+000   -0.336000E+000    0.000000E+000    0.000000E+000    0.000000E+000    0.000000E+000    0.000000E+000    0.000000E+000    0.000000E+000    0.000000E+000 
    0.733000E+002    0.121000E+001   -0.394000E+000   -0.336000E+000    0.000000E+000    0.000000E+000    0.000000E+000    0.000000E+000    0.000000E+000    0.000000E+000    0.000000E+000    0.000000E+000 
    0.735000E+002    0.121000E+001   -0.394000E+000   -0.336000E+000    0.000000E+000    0.000000E+000    0.000000E+000    0.000000E+000    0.000000E+000    0.000000E+000    0.000000E+000    0.000000E+000 
    0.737000E+002    0.121000E+001   -0.394000E+000   -0.336000E+000    0.000000E+000    0.000000E+000    0.000000E+000    0.000000E+000    0.000000E+000    0.000000E+000    0.000000E+000    0.000000E+000 
    0.739000E+002    0.121000E+001   -0.394000E+000   -0.336000E+000    0.000000E+000    0.000000E+000    0.000000E+000    0.000000E+000    0.000000E+000    0.000000E+000    0.000000E+000    0.000000E+000 
    0.742000E+002    0.127000E+001   -0.350000E+000   -0.300000E+000    0.000000E+000    0.000000E+000    0.000000E+000    0.000000E+000    0.000000E+000    0.000000E+000    0.000000E+000    0.000000E+000 
    0.746000E+002    0.127000E+001   -0.350000E+000   -0.300000E+000    0.000000E+000    0.000000E+000    0.000000E+000    0.000000E+000    0.000000E+000    0.000000E+000    0.000000E+000    0.000000E+000 
    0.750000E+002    0.127000E+001   -0.350000E+000   -0.300000E+000    0.000000E+000    0.000000E+000    0.000000E+000    0.000000E+000    0.000000E+000    0.000000E+000    0.000000E+000    0.000000E+000 
    0.754000E+002    0.127000E+001   -0.350000E+000   -0.300000E+000    0.000000E+000    0.000000E+000    0.000000E+000    0.000000E+000    0.000000E+000    0.000000E+000    0.000000E+000    0.000000E+000 
    0.758000E+002    0.127000E+001   -0.350000E+000   -0.300000E+000    0.000000E+000    0.000000E+000    0.000000E+000    0.000000E+000    0.000000E+000    0.000000E+000    0.000000E+000    0.000000E+000 
    0.780000E+002    0.127000E+001   -0.350000E+000   -0.300000E+000    0.000000E+000    0.000000E+000    0.000000E+000    0.000000E+000    0.000000E+000    0.000000E+000    0.000000E+000    0.000000E+000 
    0.820000E+002    0.127000E+001   -0.350000E+000   -0.300000E+000    0.000000E+000    0.000000E+000    0.000000E+000    0.000000E+000    0.000000E+000    0.000000E+000    0.000000E+000    0.000000E+000 
    0.860000E+002    0.127000E+001   -0.350000E+000   -0.300000E+000    0.000000E+000    0.000000E+000    0.000000E+000    0.000000E+000    0.000000E+000    0.000000E+000    0.000000E+000    0.000000E+000 
    0.900000E+002    0.127000E+001   -0.350000E+000   -0.300000E+000    0.000000E+000    0.000000E+000    0.000000E+000    0.000000E+000    0.000000E+000    0.000000E+000    0.000000E+000    0.000000E+000 
    0.940000E+002    0.127000E+001   -0.350000E+000   -0.300000E+000    0.000000E+000    0.000000E+000    0.000000E+000    0.000000E+000    0.000000E+000    0.000000E+000    0.000000E+000    0.000000E+000 
    0.980000E+002    0.127000E+001   -0.350000E+000   -0.300000E+000    0.000000E+000    0.000000E+000    0.000000E+000    0.000000E+000    0.000000E+000    0.000000E+000    0.000000E+000    0.000000E+000 
