    0.000000E+000    0.343268E+001   -0.773176E-001 
    0.314516E+001    0.343268E+001   -0.773176E-001 
    0.629032E+001    0.343268E+001   -0.773176E-001 
    0.943548E+001    0.343268E+001   -0.773176E-001 
    0.125806E+002    0.343268E+001   -0.773176E-001 
    0.157258E+002    0.343268E+001   -0.773176E-001 
    0.188710E+002    0.343268E+001   -0.773176E-001 
    0.220161E+002    0.343268E+001   -0.773176E-001 
    0.251613E+002    0.343268E+001   -0.773176E-001 
    0.283065E+002    0.343268E+001   -0.773176E-001 
    0.314516E+002    0.343268E+001   -0.773176E-001 
    0.345968E+002    0.343268E+001   -0.773176E-001 
    0.377419E+002    0.343268E+001   -0.773176E-001 
    0.408871E+002    0.343268E+001   -0.773176E-001 
    0.440323E+002    0.343268E+001   -0.773177E-001 
    0.471774E+002    0.343268E+001   -0.773181E-001 
    0.503226E+002    0.343268E+001   -0.773193E-001 
    0.534677E+002    0.343268E+001   -0.773238E-001 
    0.566129E+002    0.343266E+001   -0.773393E-001 
    0.597581E+002    0.343261E+001   -0.773936E-001 
    0.629032E+002    0.343242E+001   -0.775832E-001 
    0.660484E+002    0.343176E+001   -0.782447E-001 
    0.691935E+002    0.342947E+001   -0.805323E-001 
    0.723387E+002    0.342178E+001   -0.882244E-001 
    0.754839E+002    0.339812E+001   -0.111883E+000 
    0.786290E+002    0.334004E+001   -0.169964E+000 
    0.817742E+002    0.323639E+001   -0.273608E+000 
    0.849194E+002    0.308588E+001   -0.424117E+000 
    0.880645E+002    0.288848E+001   -0.621525E+000 
    0.912097E+002    0.264413E+001   -0.865875E+000 
    0.943548E+002    0.235251E+001   -0.115749E+001 
    0.974990E+002    0.201046E+001   -0.149954E+001 
    0.975010E+002    0.129846E+001   -0.144154E+001 
    0.976180E+002    0.128479E+001   -0.145521E+001 
    0.976200E+002    0.128479E+001   -0.145521E+001 
    0.977371E+002    0.127112E+001   -0.146888E+001 
    0.977391E+002    0.127112E+001   -0.146888E+001 
    0.978561E+002    0.125742E+001   -0.148258E+001 
    0.978581E+002    0.125742E+001   -0.148258E+001 
    0.979752E+002    0.124369E+001   -0.149631E+001 
    0.979772E+002    0.124369E+001   -0.149631E+001 
    0.980942E+002    0.122991E+001   -0.151009E+001 
    0.980962E+002    0.122991E+001   -0.151009E+001 
    0.982133E+002    0.121608E+001   -0.152392E+001 
    0.982153E+002    0.121608E+001   -0.152392E+001 
    0.983323E+002    0.120219E+001   -0.153781E+001 
    0.983343E+002    0.120219E+001   -0.153781E+001 
    0.984514E+002    0.118825E+001   -0.155175E+001 
    0.984534E+002    0.118825E+001   -0.155175E+001 
    0.985704E+002    0.117425E+001   -0.156575E+001 
    0.985724E+002    0.117425E+001   -0.156575E+001 
    0.986895E+002    0.116019E+001   -0.157981E+001 
    0.986915E+002    0.116019E+001   -0.157981E+001 
    0.988085E+002    0.114606E+001   -0.159394E+001 
    0.988105E+002    0.114606E+001   -0.159394E+001 
    0.989276E+002    0.113188E+001   -0.160812E+001 
    0.989296E+002    0.113188E+001   -0.160812E+001 
    0.990466E+002    0.111763E+001   -0.162237E+001 
    0.990486E+002    0.111763E+001   -0.162237E+001 
    0.991657E+002    0.110331E+001   -0.163669E+001 
    0.991677E+002    0.110331E+001   -0.163669E+001 
    0.992847E+002    0.108894E+001   -0.165106E+001 
    0.992867E+002    0.108894E+001   -0.165106E+001 
    0.994038E+002    0.107450E+001   -0.166550E+001 
    0.994058E+002    0.107450E+001   -0.166550E+001 
    0.995228E+002    0.105999E+001   -0.168001E+001 
    0.995248E+002    0.105999E+001   -0.168001E+001 
    0.996419E+002    0.104542E+001   -0.169458E+001 
    0.996439E+002    0.104542E+001   -0.169458E+001 
    0.997609E+002    0.103079E+001   -0.170921E+001 
    0.997629E+002    0.103079E+001   -0.170921E+001 
    0.998800E+002    0.101610E+001   -0.172390E+001 
    0.998820E+002    0.101610E+001   -0.172390E+001 
    0.999990E+002    0.100134E+001   -0.173866E+001 
    0.100001E+003    0.100134E+001   -0.173866E+001 
    0.100118E+003    0.986584E+000   -0.175342E+001 
    0.100120E+003    0.986584E+000   -0.175342E+001 
    0.100237E+003    0.971890E+000   -0.176811E+001 
    0.100239E+003    0.971890E+000   -0.176811E+001 
    0.100356E+003    0.957258E+000   -0.178274E+001 
    0.100358E+003    0.957258E+000   -0.178274E+001 
    0.100475E+003    0.942690E+000   -0.179731E+001 
    0.100477E+003    0.942690E+000   -0.179731E+001 
    0.100594E+003    0.928185E+000   -0.181181E+001 
    0.100596E+003    0.928185E+000   -0.181181E+001 
    0.100713E+003    0.913745E+000   -0.182626E+001 
    0.100715E+003    0.913745E+000   -0.182626E+001 
    0.100832E+003    0.899368E+000   -0.184063E+001 
    0.100834E+003    0.899368E+000   -0.184063E+001 
    0.100951E+003    0.885054E+000   -0.185495E+001 
    0.100953E+003    0.885054E+000   -0.185495E+001 
    0.101070E+003    0.870805E+000   -0.186920E+001 
    0.101072E+003    0.870805E+000   -0.186920E+001 
    0.101189E+003    0.856619E+000   -0.188338E+001 
    0.101191E+003    0.856619E+000   -0.188338E+001 
    0.101309E+003    0.842495E+000   -0.189750E+001 
    0.101311E+003    0.842495E+000   -0.189750E+001 
    0.101428E+003    0.828433E+000   -0.191157E+001 
    0.101430E+003    0.828433E+000   -0.191157E+001 
    0.101547E+003    0.814432E+000   -0.192557E+001 
    0.101549E+003    0.814432E+000   -0.192557E+001 
    0.101666E+003    0.800491E+000   -0.193951E+001 
    0.101668E+003    0.800491E+000   -0.193951E+001 
    0.101785E+003    0.786606E+000   -0.195339E+001 
    0.101787E+003    0.786606E+000   -0.195339E+001 
    0.101904E+003    0.772775E+000   -0.196722E+001 
    0.101906E+003    0.772775E+000   -0.196722E+001 
    0.102023E+003    0.758996E+000   -0.198100E+001 
    0.102025E+003    0.758996E+000   -0.198100E+001 
    0.102142E+003    0.745262E+000   -0.199474E+001 
    0.102144E+003    0.745262E+000   -0.199474E+001 
    0.102261E+003    0.731565E+000   -0.200844E+001 
    0.102263E+003    0.731565E+000   -0.200844E+001 
    0.102380E+003    0.717893E+000   -0.202211E+001 
    0.102382E+003    0.717893E+000   -0.202211E+001 
    0.102499E+003    0.704223E+000   -0.203578E+001 
    0.102501E+003    0.141622E+001   -0.209378E+001 
    0.105645E+003    0.107417E+001   -0.243583E+001 
    0.108790E+003    0.782555E+000   -0.272744E+001 
    0.111935E+003    0.538206E+000   -0.297179E+001 
    0.115081E+003    0.340798E+000   -0.316920E+001 
    0.118226E+003    0.190289E+000   -0.331971E+001 
    0.121371E+003    0.866408E-001   -0.342336E+001 
    0.124516E+003    0.283260E-001   -0.348167E+001 
    0.127661E+003    0.338959E-002   -0.350661E+001 
    0.130806E+003   -0.568525E-002   -0.351569E+001 
    0.133952E+003   -0.879249E-002   -0.351879E+001 
    0.137097E+003   -0.983453E-002   -0.351983E+001 
    0.140242E+003   -0.101816E-001   -0.352018E+001 
    0.143387E+003   -0.102969E-001   -0.352030E+001 
    0.146532E+003   -0.103352E-001   -0.352034E+001 
    0.149677E+003   -0.103479E-001   -0.352035E+001 
    0.152823E+003   -0.103521E-001   -0.352035E+001 
    0.155968E+003   -0.103535E-001   -0.352035E+001 
    0.159113E+003   -0.103539E-001   -0.352035E+001 
    0.162258E+003   -0.103541E-001   -0.352035E+001 
    0.165403E+003   -0.103542E-001   -0.352035E+001 
    0.168548E+003   -0.103542E-001   -0.352035E+001 
    0.171694E+003   -0.103542E-001   -0.352035E+001 
    0.174839E+003   -0.103542E-001   -0.352035E+001 
    0.177984E+003   -0.103542E-001   -0.352035E+001 
    0.181129E+003   -0.103542E-001   -0.352035E+001 
    0.184274E+003   -0.103542E-001   -0.352035E+001 
    0.187419E+003   -0.103542E-001   -0.352035E+001 
    0.190565E+003   -0.103542E-001   -0.352035E+001 
    0.193710E+003   -0.103542E-001   -0.352035E+001 
    0.196855E+003   -0.103542E-001   -0.352035E+001 
    0.200000E+003   -0.103542E-001   -0.352035E+001 
