    0.000000E+000    0.172896E+001 
    0.175000E+001    0.172896E+001 
    0.350000E+001    0.172896E+001 
    0.525000E+001    0.172896E+001 
    0.700000E+001    0.172896E+001 
    0.875000E+001    0.172896E+001 
    0.105000E+002    0.172896E+001 
    0.122500E+002    0.172895E+001 
    0.140000E+002    0.172895E+001 
    0.157500E+002    0.172895E+001 
    0.175000E+002    0.172894E+001 
    0.192500E+002    0.172893E+001 
    0.210000E+002    0.172891E+001 
    0.227500E+002    0.172888E+001 
    0.245000E+002    0.172881E+001 
    0.262500E+002    0.172864E+001 
    0.280000E+002    0.172814E+001 
    0.282222E+002    0.172797E+001 
    0.284444E+002    0.172777E+001 
    0.286667E+002    0.172751E+001 
    0.288889E+002    0.172716E+001 
    0.291111E+002    0.172670E+001 
    0.293333E+002    0.172603E+001 
    0.295556E+002    0.172504E+001 
    0.297778E+002    0.172348E+001 
    0.299990E+002    0.172090E+001 
    0.300010E+002    0.141558E+001 
    0.301101E+002    0.141655E+001 
    0.301121E+002    0.141655E+001 
    0.302212E+002    0.141744E+001 
    0.302232E+002    0.141744E+001 
    0.303323E+002    0.141832E+001 
    0.303343E+002    0.141832E+001 
    0.304434E+002    0.141920E+001 
    0.304454E+002    0.141920E+001 
    0.305546E+002    0.142009E+001 
    0.305566E+002    0.142009E+001 
    0.306657E+002    0.142099E+001 
    0.306677E+002    0.142099E+001 
    0.307768E+002    0.142188E+001 
    0.307788E+002    0.142188E+001 
    0.308879E+002    0.142277E+001 
    0.308899E+002    0.142277E+001 
    0.309990E+002    0.142366E+001 
    0.310010E+002    0.142366E+001 
    0.311101E+002    0.142455E+001 
    0.311121E+002    0.142455E+001 
    0.312212E+002    0.142544E+001 
    0.312232E+002    0.142544E+001 
    0.313323E+002    0.142633E+001 
    0.313343E+002    0.142633E+001 
    0.314434E+002    0.142722E+001 
    0.314454E+002    0.142722E+001 
    0.315546E+002    0.142811E+001 
    0.315566E+002    0.142811E+001 
    0.316657E+002    0.142900E+001 
    0.316677E+002    0.142900E+001 
    0.317768E+002    0.142988E+001 
    0.317788E+002    0.142988E+001 
    0.318879E+002    0.143076E+001 
    0.318899E+002    0.143076E+001 
    0.319990E+002    0.143173E+001 
    0.320010E+002    0.173705E+001 
    0.322222E+002    0.173447E+001 
    0.324444E+002    0.173291E+001 
    0.326667E+002    0.173191E+001 
    0.328889E+002    0.173125E+001 
    0.331111E+002    0.173079E+001 
    0.333333E+002    0.173044E+001 
    0.335556E+002    0.173018E+001 
    0.337778E+002    0.172997E+001 
    0.340000E+002    0.172980E+001 
    0.357500E+002    0.172931E+001 
    0.375000E+002    0.172914E+001 
    0.392500E+002    0.172907E+001 
    0.410000E+002    0.172904E+001 
    0.427500E+002    0.172902E+001 
    0.445000E+002    0.172901E+001 
    0.462500E+002    0.172900E+001 
    0.480000E+002    0.172899E+001 
    0.482222E+002    0.172899E+001 
    0.484444E+002    0.172899E+001 
    0.486667E+002    0.172899E+001 
    0.488889E+002    0.172899E+001 
    0.491111E+002    0.172899E+001 
    0.493333E+002    0.172899E+001 
    0.495556E+002    0.172899E+001 
    0.497778E+002    0.172899E+001 
    0.499990E+002    0.172899E+001 
    0.500010E+002    0.142367E+001 
    0.501111E+002    0.142631E+001 
    0.502222E+002    0.142895E+001 
    0.503333E+002    0.143158E+001 
    0.504444E+002    0.143422E+001 
    0.505556E+002    0.143686E+001 
    0.506667E+002    0.143950E+001 
    0.507778E+002    0.144213E+001 
    0.508889E+002    0.144477E+001 
    0.510000E+002    0.144741E+001 
    0.511111E+002    0.145005E+001 
    0.512222E+002    0.145269E+001 
    0.513333E+002    0.145532E+001 
    0.514444E+002    0.145796E+001 
    0.515556E+002    0.146060E+001 
    0.516667E+002    0.146324E+001 
    0.517778E+002    0.146588E+001 
    0.518889E+002    0.146851E+001 
    0.519990E+002    0.147115E+001 
    0.520010E+002    0.177647E+001 
    0.522222E+002    0.177647E+001 
    0.524444E+002    0.177647E+001 
    0.526667E+002    0.177647E+001 
    0.528889E+002    0.177647E+001 
    0.531111E+002    0.177646E+001 
    0.533333E+002    0.177646E+001 
    0.535556E+002    0.177646E+001 
    0.537778E+002    0.177646E+001 
    0.540000E+002    0.177646E+001 
    0.557500E+002    0.177646E+001 
    0.575000E+002    0.177645E+001 
    0.592500E+002    0.177644E+001 
    0.610000E+002    0.177643E+001 
    0.627500E+002    0.177642E+001 
    0.645000E+002    0.177639E+001 
    0.662500E+002    0.177632E+001 
    0.680000E+002    0.177618E+001 
    0.682222E+002    0.177615E+001 
    0.684444E+002    0.177611E+001 
    0.686667E+002    0.177607E+001 
    0.688889E+002    0.177602E+001 
    0.691111E+002    0.177596E+001 
    0.693333E+002    0.177589E+001 
    0.695556E+002    0.177580E+001 
    0.697778E+002    0.177570E+001 
    0.699990E+002    0.177558E+001 
    0.700010E+002    0.147026E+001 
    0.701176E+002    0.147298E+001 
    0.702353E+002    0.147569E+001 
    0.703529E+002    0.147839E+001 
    0.704706E+002    0.148108E+001 
    0.705882E+002    0.148375E+001 
    0.707059E+002    0.148640E+001 
    0.708235E+002    0.148903E+001 
    0.709412E+002    0.149163E+001 
    0.710588E+002    0.149419E+001 
    0.711765E+002    0.149670E+001 
    0.712941E+002    0.149916E+001 
    0.714118E+002    0.150153E+001 
    0.715294E+002    0.150380E+001 
    0.716471E+002    0.150592E+001 
    0.717647E+002    0.150784E+001 
    0.718824E+002    0.150949E+001 
    0.719990E+002    0.151079E+001 
    0.720010E+002    0.151079E+001 
    0.721101E+002    0.151172E+001 
    0.721121E+002    0.151172E+001 
    0.722212E+002    0.151258E+001 
    0.722232E+002    0.151258E+001 
    0.723323E+002    0.151343E+001 
    0.723343E+002    0.151343E+001 
    0.724434E+002    0.151430E+001 
    0.724454E+002    0.151430E+001 
    0.725546E+002    0.151518E+001 
    0.725566E+002    0.151518E+001 
    0.726657E+002    0.151606E+001 
    0.726677E+002    0.151606E+001 
    0.727768E+002    0.151694E+001 
    0.727788E+002    0.151694E+001 
    0.728879E+002    0.151782E+001 
    0.728899E+002    0.151782E+001 
    0.729990E+002    0.151870E+001 
    0.730010E+002    0.151870E+001 
    0.731101E+002    0.151959E+001 
    0.731121E+002    0.151959E+001 
    0.732212E+002    0.152047E+001 
    0.732232E+002    0.152047E+001 
    0.733323E+002    0.152136E+001 
    0.733343E+002    0.152136E+001 
    0.734434E+002    0.152225E+001 
    0.734454E+002    0.152225E+001 
    0.735546E+002    0.152313E+001 
    0.735566E+002    0.152313E+001 
    0.736657E+002    0.152402E+001 
    0.736677E+002    0.152402E+001 
    0.737768E+002    0.152489E+001 
    0.737788E+002    0.152489E+001 
    0.738879E+002    0.152578E+001 
    0.738899E+002    0.152578E+001 
    0.739990E+002    0.152675E+001 
    0.740010E+002    0.183206E+001 
    0.742222E+002    0.182948E+001 
    0.744444E+002    0.182791E+001 
    0.746667E+002    0.182692E+001 
    0.748889E+002    0.182625E+001 
    0.751111E+002    0.182578E+001 
    0.753333E+002    0.182544E+001 
    0.755556E+002    0.182517E+001 
    0.757778E+002    0.182496E+001 
    0.760000E+002    0.182479E+001 
    0.778462E+002    0.182429E+001 
    0.796923E+002    0.182412E+001 
    0.815385E+002    0.182405E+001 
    0.833846E+002    0.182402E+001 
    0.852308E+002    0.182400E+001 
    0.870769E+002    0.182399E+001 
    0.889231E+002    0.182399E+001 
    0.907692E+002    0.182398E+001 
    0.926154E+002    0.182398E+001 
    0.944615E+002    0.182398E+001 
    0.963077E+002    0.182398E+001 
    0.981538E+002    0.182398E+001 
    0.100000E+003    0.182398E+001 
