position[nm]  ElectricField_x[kV/c  ElectricField_y[kV/c  ElectricField_z[kV/c
    0.233333E+001    0.515764E-004    0.515815E-004    0.353382E-002 
    0.700000E+001    0.783502E-004    0.783509E-004    0.118694E-001 
    0.116667E+002    0.211637E-003    0.211630E-003    0.269306E-001 
    0.163333E+002    0.100177E-002    0.100176E-002    0.750530E-001 
    0.210000E+002    0.748001E-002    0.747997E-002    0.325910E+000 
    0.256667E+002    0.107813E+000    0.107813E+000    0.230542E+001 
    0.282000E+002    0.391236E+000    0.391236E+000    0.186235E+002 
    0.286000E+002    0.932180E+000    0.932181E+000    0.259719E+002 
    0.290000E+002    0.213151E+001    0.213151E+001    0.421777E+002 
    0.294000E+002    0.532328E+001    0.532328E+001    0.796176E+002 
    0.298000E+002    0.127911E+002    0.127911E+002    0.176679E+003 
    0.301000E+002    0.843852E+001    0.843852E+001   -0.132483E+003 
    0.303000E+002   -0.978808E+000   -0.978808E+000   -0.149853E+003 
    0.305000E+002   -0.535320E+000   -0.535320E+000   -0.156368E+003 
    0.307000E+002   -0.811388E-001   -0.811388E-001   -0.156965E+003 
    0.309000E+002   -0.685235E-002   -0.685236E-002   -0.156900E+003 
    0.311000E+002    0.310500E-002    0.310498E-002   -0.156912E+003 
    0.313000E+002    0.772964E-001    0.772963E-001   -0.157001E+003 
    0.315000E+002    0.531278E+000    0.531278E+000   -0.156429E+003 
    0.317000E+002    0.974468E+000    0.974468E+000   -0.149941E+003 
    0.319000E+002   -0.844312E+001   -0.844312E+001   -0.132600E+003 
    0.322000E+002   -0.127967E+002   -0.127967E+002    0.176507E+003 
    0.326000E+002   -0.533110E+001   -0.533110E+001    0.793623E+002 
    0.330000E+002   -0.214276E+001   -0.214276E+001    0.418060E+002 
    0.334000E+002   -0.949162E+000   -0.949162E+000    0.254299E+002 
    0.338000E+002   -0.418439E+000   -0.418439E+000    0.178191E+002 
    0.357500E+002   -0.129496E+000   -0.129496E+000    0.316406E+001 
    0.392500E+002   -0.133790E-001   -0.133789E-001    0.610478E+000 
    0.427500E+002   -0.240322E-002   -0.240322E-002    0.172675E+000 
    0.462500E+002   -0.570380E-003   -0.570376E-003    0.726162E-001 
    0.482000E+002   -0.226574E-003   -0.226549E-003    0.572236E-001 
    0.486000E+002   -0.188793E-003   -0.188783E-003    0.545847E-001 
    0.490000E+002   -0.156054E-003   -0.156062E-003    0.523932E-001 
    0.494000E+002   -0.127390E-003   -0.127400E-003    0.505917E-001 
    0.498000E+002   -0.101935E-003   -0.101963E-003    0.491341E-001 
    0.501000E+002   -0.847677E-004   -0.848013E-004   -0.471794E+003 
    0.503000E+002   -0.747089E-004   -0.747164E-004   -0.471795E+003 
    0.505000E+002   -0.650908E-004   -0.650812E-004   -0.471795E+003 
    0.507000E+002   -0.558728E-004   -0.558586E-004   -0.471796E+003 
    0.509000E+002   -0.470035E-004   -0.469779E-004   -0.471796E+003 
    0.511000E+002   -0.384168E-004   -0.383625E-004   -0.471796E+003 
    0.513000E+002   -0.300475E-004   -0.299603E-004   -0.471796E+003 
    0.515000E+002   -0.218519E-004   -0.217265E-004   -0.471797E+003 
    0.517000E+002   -0.137705E-004   -0.136369E-004   -0.471797E+003 
    0.519000E+002   -0.576476E-005   -0.562435E-005   -0.471797E+003 
    0.522000E+002    0.686733E-005    0.700763E-005    0.455203E-001 
    0.526000E+002    0.243432E-004    0.244535E-004    0.457196E-001 
    0.530000E+002    0.424053E-004    0.425149E-004    0.461450E-001 
    0.534000E+002    0.614972E-004    0.616200E-004    0.468067E-001 
    0.538000E+002    0.821163E-004    0.822517E-004    0.477210E-001 
    0.557500E+002    0.236334E-003    0.236413E-003    0.535189E-001 
    0.592500E+002    0.933931E-003    0.933947E-003    0.960373E-001 
    0.627500E+002    0.411414E-002    0.411414E-002    0.262608E+000 
    0.662500E+002    0.233263E-001    0.233262E-001    0.101681E+001 
    0.682000E+002    0.515323E-001    0.515321E-001    0.350290E+001 
    0.686000E+002    0.791978E-001    0.791977E-001    0.430920E+001 
    0.690000E+002    0.119645E+000    0.119645E+000    0.552440E+001 
    0.694000E+002    0.184268E+000    0.184268E+000    0.736074E+001 
    0.698000E+002    0.296349E+000    0.296349E+000    0.102192E+002 
    0.701429E+002    0.455698E+000    0.455698E+000   -0.458573E+003 
    0.704286E+002    0.695418E+000    0.695418E+000   -0.453650E+003 
    0.707143E+002    0.112829E+001    0.112829E+001   -0.445985E+003 
    0.710000E+002    0.196327E+001    0.196327E+001   -0.433283E+003 
    0.712857E+002    0.369416E+001    0.369416E+001   -0.410670E+003 
    0.715714E+002    0.741410E+001    0.741410E+001   -0.367001E+003 
    0.718571E+002    0.135632E+002    0.135632E+002   -0.276360E+003 
    0.721000E+002    0.799640E+001    0.799640E+001   -0.130134E+003 
    0.723000E+002   -0.107865E+001   -0.107865E+001   -0.148114E+003 
    0.725000E+002   -0.589247E+000   -0.589247E+000   -0.154984E+003 
    0.727000E+002   -0.123167E+000   -0.123167E+000   -0.155878E+003 
    0.729000E+002   -0.395963E-001   -0.395964E-001   -0.156050E+003 
    0.731000E+002   -0.215887E-001   -0.215888E-001   -0.156243E+003 
    0.733000E+002    0.590441E-001    0.590440E-001   -0.156466E+003 
    0.735000E+002    0.517986E+000    0.517986E+000   -0.155992E+003 
    0.737000E+002    0.964963E+000    0.964963E+000   -0.149574E+003 
    0.739000E+002   -0.845024E+001   -0.845024E+001   -0.132283E+003 
    0.742000E+002   -0.128010E+002   -0.128010E+002    0.176788E+003 
    0.746000E+002   -0.533175E+001   -0.533175E+001    0.796142E+002 
    0.750000E+002   -0.214023E+001   -0.214023E+001    0.420700E+002 
    0.754000E+002   -0.942986E+000   -0.942986E+000    0.257461E+002 
    0.758000E+002   -0.406807E+000   -0.406807E+000    0.182404E+002 
    0.780000E+002   -0.119559E+000   -0.119559E+000    0.275532E+001 
    0.820000E+002   -0.103407E-001   -0.103406E-001    0.458207E+000 
    0.860000E+002   -0.163997E-002   -0.163998E-002    0.112701E+000 
    0.900000E+002   -0.377984E-003   -0.377988E-003    0.387054E-001 
    0.940000E+002   -0.133239E-003   -0.133216E-003    0.159851E-001 
    0.980000E+002   -0.804730E-004   -0.804621E-004    0.460919E-002 
